{
  "nbformat": 4,
  "nbformat_minor": 0,
  "metadata": {
    "colab": {
      "provenance": [],
      "authorship_tag": "ABX9TyMx/+xzF8QsQpTWaU0NmmN/",
      "include_colab_link": true
    },
    "kernelspec": {
      "name": "python3",
      "display_name": "Python 3"
    },
    "language_info": {
      "name": "python"
    }
  },
  "cells": [
    {
      "cell_type": "markdown",
      "metadata": {
        "id": "view-in-github",
        "colab_type": "text"
      },
      "source": [
        "<a href=\"https://colab.research.google.com/github/SarahAdmin/Data-Analytics-Notebook/blob/main/My_Notebook_1.ipynb\" target=\"_parent\"><img src=\"https://colab.research.google.com/assets/colab-badge.svg\" alt=\"Open In Colab\"/></a>"
      ]
    },
    {
      "cell_type": "code",
      "execution_count": null,
      "metadata": {
        "colab": {
          "base_uri": "https://localhost:8080/"
        },
        "id": "2QECpErSDP4c",
        "outputId": "8f3abf69-5a0a-445d-de3e-e239f1578a57"
      },
      "outputs": [
        {
          "output_type": "stream",
          "name": "stdout",
          "text": [
            "                        AveragePrice     Index  1m%Change  12m%Change  AveragePriceSA  SalesVolume  DetachedPrice  DetachedIndex  Detached1m%Change  Detached12m%Change  SemiDetachedPrice  SemiDetachedIndex  SemiDetached1m%Change  SemiDetached12m%Change  TerracedPrice  TerracedIndex  Terraced1m%Change  Terraced12m%Change  FlatPrice  FlatIndex  Flat1m%Change  Flat12m%Change  NewPrice  NewIndex  New1m%Change  New12m%Change  NewSalesVolume  OldPrice  OldIndex  Old1m%Change  Old12m%Change  OldSalesVolume\n",
            "AveragePrice                1.000000  0.606935  -0.077252   -0.137088        0.999835    -0.013004       0.926300       0.579391          -0.048529           -0.131068           0.911600           0.583832              -0.050227               -0.121571       0.887298       0.585989          -0.049343           -0.118437   0.957855   0.573326      -0.058149       -0.139073  0.895965  0.605531     -0.028292      -0.128428       -0.014679  0.999642  0.597871     -0.052078      -0.129841       -0.013973\n",
            "Index                       0.606935  1.000000  -0.118838   -0.244855        0.687102     0.002374       0.433815       0.997273          -0.088232           -0.265252           0.422224           0.998545              -0.090526               -0.239900       0.417793       0.998660          -0.087115           -0.223332   0.487663   0.988392      -0.107204       -0.267769  0.692415  0.995144     -0.050254      -0.241831        0.005663  0.592540  0.999885     -0.091680      -0.244312        0.004443\n",
            "1m%Change                  -0.077252 -0.118838   1.000000    0.418765       -0.081084     0.011599      -0.038827      -0.092009           0.972412            0.372669          -0.038240          -0.094005               0.992603                0.376850      -0.038387      -0.097448           0.989947            0.374753  -0.041684  -0.093425       0.966244        0.366967 -0.063683 -0.093811      0.878910       0.349444        0.009309 -0.051678 -0.091713      0.998228       0.373162        0.012977\n",
            "12m%Change                 -0.137088 -0.244855   0.418765    1.000000       -0.145458     0.016226      -0.090649      -0.239702           0.352282            0.984855          -0.090586          -0.248187               0.371311                0.996620      -0.095801      -0.260565           0.372007            0.993712  -0.099430  -0.238267       0.392068        0.983087 -0.166144 -0.254084      0.341341       0.949733        0.009624 -0.130457 -0.247988      0.370379       0.999317        0.016302\n",
            "AveragePriceSA              0.999835  0.687102  -0.081084   -0.145458        1.000000     0.037226       0.986171       0.668513          -0.071192           -0.176066           0.990178           0.670499              -0.072000               -0.145912       0.983055       0.673315          -0.060492           -0.136937   0.963177   0.668692      -0.086892       -0.206513  0.950084  0.701347     -0.016112      -0.149638        0.022182  0.999690  0.684313     -0.079582      -0.163677        0.037365\n",
            "SalesVolume                -0.013004  0.002374   0.011599    0.016226        0.037226     1.000000      -0.017445       0.006641           0.010424            0.012914          -0.019942           0.004998               0.011752                0.013791      -0.016969       0.003862           0.014703            0.017938   0.020906   0.000815       0.014818        0.021716 -0.007949  0.000691      0.005667       0.012117        0.967868 -0.014225  0.004754      0.013351       0.016614        0.999541\n",
            "DetachedPrice               0.926300  0.433815  -0.038827   -0.090649        0.986171    -0.017445       1.000000       0.408301          -0.031350           -0.080061           0.982657           0.412527              -0.033294               -0.076155       0.975311       0.415001          -0.033419           -0.075670   0.960657   0.405073      -0.040352       -0.091105  0.781429  0.439993     -0.020258      -0.086403       -0.018466  0.929030  0.432867     -0.037446      -0.086979       -0.017254\n",
            "DetachedIndex               0.579391  0.997273  -0.092009   -0.239702        0.668513     0.006641       0.408301       1.000000          -0.084903           -0.254717           0.394999           0.999095              -0.087717               -0.230461       0.420112       0.997513          -0.085635           -0.216519   0.463705   0.982538      -0.106193       -0.259616  0.687861  0.993051     -0.046291      -0.230830        0.007144  0.572219  0.997295     -0.090775      -0.235946        0.006245\n",
            "Detached1m%Change          -0.048529 -0.088232   0.972412    0.352282       -0.071192     0.010424      -0.031350      -0.084903           1.000000            0.357536          -0.030912          -0.087486               0.969075                0.352727      -0.034259      -0.090800           0.949901            0.347147  -0.038792  -0.091217       0.911612        0.341332 -0.061437 -0.090417      0.850021       0.327026        0.003000 -0.046896 -0.087107      0.970935       0.352242        0.011256\n",
            "Detached12m%Change         -0.131068 -0.265252   0.372669    0.984855       -0.176066     0.012914      -0.080061      -0.254717           0.357536            1.000000          -0.079987          -0.264452               0.367163                0.987478      -0.090415      -0.276487           0.363495            0.969477  -0.097664  -0.263491       0.389052        0.956601 -0.172039 -0.272021      0.339320       0.935316        0.007474 -0.126473 -0.264732      0.369563       0.984258        0.013646\n",
            "SemiDetachedPrice           0.911600  0.422224  -0.038240   -0.090586        0.990178    -0.019942       0.982657       0.394999          -0.030912           -0.079987           1.000000           0.400581              -0.032615               -0.076033       0.990601       0.403037          -0.032565           -0.074847   0.965771   0.392955      -0.039742       -0.090640  0.779122  0.427080     -0.020143      -0.086563       -0.020543  0.914055  0.421225     -0.036712      -0.086816       -0.019793\n",
            "SemiDetachedIndex           0.583832  0.998545  -0.094005   -0.248187        0.670499     0.004998       0.412527       0.999095          -0.087486           -0.264452           0.400581           1.000000              -0.089458               -0.239022       0.425700       0.999125          -0.086893           -0.223321   0.469857   0.985006      -0.108829       -0.268604  0.690789  0.993907     -0.048637      -0.240319        0.005717  0.576581  0.998654     -0.092673      -0.244398        0.004560\n",
            "SemiDetached1m%Change      -0.050227 -0.090526   0.992603    0.371311       -0.072000     0.011752      -0.033294      -0.087717           0.969075            0.367163          -0.032615          -0.089458               1.000000                0.372437      -0.036204      -0.093592           0.985673            0.369172  -0.039910  -0.091804       0.952898        0.364115 -0.062837 -0.091421      0.866120       0.345370        0.007934 -0.048918 -0.089531      0.991639       0.371463        0.012128\n",
            "SemiDetached12m%Change     -0.121571 -0.239900   0.376850    0.996620       -0.145912     0.013791      -0.076155      -0.230461           0.352727            0.987478          -0.076033          -0.239022               0.372437                1.000000      -0.086024      -0.252006           0.371994            0.992022  -0.089492  -0.232503       0.394024        0.976037 -0.158661 -0.246278      0.343719       0.942557        0.008207 -0.118011 -0.240082      0.373926       0.996565        0.014484\n",
            "TerracedPrice               0.887298  0.417793  -0.038387   -0.095801        0.983055    -0.016969       0.975311       0.420112          -0.034259           -0.090415           0.990601           0.425700              -0.036204               -0.086024       1.000000       0.399290          -0.033133           -0.081472   0.947979   0.389392      -0.039804       -0.095229  0.785971  0.420244     -0.020165      -0.090299       -0.017223  0.888907  0.416746     -0.037045      -0.092328       -0.016872\n",
            "TerracedIndex               0.585989  0.998660  -0.097448   -0.260565        0.673315     0.003862       0.415001       0.997513          -0.090800           -0.276487           0.403037           0.999125              -0.093592               -0.252006       0.399290       1.000000          -0.090193           -0.235208   0.470946   0.987423      -0.112852       -0.281685  0.685185  0.992927     -0.053551      -0.254556        0.004660  0.578852  0.998818     -0.096073      -0.256715        0.003429\n",
            "Terraced1m%Change          -0.049343 -0.087115   0.989947    0.372007       -0.060492     0.014703      -0.033419      -0.085635           0.949901            0.363495          -0.032565          -0.086893               0.985673                0.371994      -0.033133      -0.090193           1.000000            0.373722  -0.037889  -0.085751       0.956611        0.366296 -0.060522 -0.087777      0.850896       0.345150        0.013154 -0.047864 -0.085933      0.990295       0.372177        0.014897\n",
            "Terraced12m%Change         -0.118437 -0.223332   0.374753    0.993712       -0.136937     0.017938      -0.075670      -0.216519           0.347147            0.969477          -0.074847          -0.223321               0.369172                0.992022      -0.081472      -0.235208           0.373722            1.000000  -0.085007  -0.208436       0.392646        0.976912 -0.151262 -0.229652      0.340251       0.935427        0.011820 -0.115204 -0.223353      0.372140       0.994146        0.018671\n",
            "FlatPrice                   0.957855  0.487663  -0.041684   -0.099430        0.963177     0.020906       0.960657       0.463705          -0.038792           -0.097664           0.965771           0.469857              -0.039910               -0.089492       0.947979       0.470946          -0.037889           -0.085007   1.000000   0.465065      -0.042879       -0.098069  0.831200  0.493523     -0.024548      -0.098217        0.020362  0.959471  0.486681     -0.040235      -0.095525        0.020893\n",
            "FlatIndex                   0.573326  0.988392  -0.093425   -0.238267        0.668692     0.000815       0.405073       0.982538          -0.091217           -0.263491           0.392955           0.985006              -0.091804               -0.232503       0.389392       0.987423          -0.085751           -0.208436   0.465065   1.000000      -0.105592       -0.253230  0.668711  0.981573     -0.058092      -0.240110        0.001939  0.565506  0.987941     -0.091909      -0.233870        0.000432\n",
            "Flat1m%Change              -0.058149 -0.107204   0.966244    0.392068       -0.086892     0.014818      -0.040352      -0.106193           0.911612            0.389052          -0.039742          -0.108829               0.952898                0.394024      -0.039804      -0.112852           0.956611            0.392646  -0.042879  -0.105592       1.000000        0.397281 -0.069823 -0.106133      0.874917       0.375930        0.014130 -0.056019 -0.105261      0.962165       0.391312        0.014945\n",
            "Flat12m%Change             -0.139073 -0.267769   0.366967    0.983087       -0.206513     0.021716      -0.091105      -0.259616           0.341332            0.956601          -0.090640          -0.268604               0.364115                0.976037      -0.095229      -0.281685           0.366296            0.976912  -0.098069  -0.253230       0.397281        1.000000 -0.172107 -0.269446      0.338128       0.949088        0.014941 -0.135392 -0.266921      0.363423       0.980885        0.022565\n",
            "NewPrice                    0.895965  0.692415  -0.063683   -0.166144        0.950084    -0.007949       0.781429       0.687861          -0.061437           -0.172039           0.779122           0.690789              -0.062837               -0.158661       0.785971       0.685185          -0.060522           -0.151262   0.831200   0.668711      -0.069823       -0.172107  1.000000  0.695936     -0.025018      -0.149755       -0.007320  0.888785  0.690717     -0.064069      -0.163726       -0.008152\n",
            "NewIndex                    0.605531  0.995144  -0.093811   -0.254084        0.701347     0.000691       0.439993       0.993051          -0.090417           -0.272021           0.427080           0.993907              -0.091421               -0.246278       0.420244       0.992927          -0.087777           -0.229652   0.493523   0.981573      -0.106133       -0.269446  0.695936  1.000000     -0.038220      -0.233539        0.001193  0.598888  0.994521     -0.094444      -0.250803        0.000233\n",
            "New1m%Change               -0.028292 -0.050254   0.878910    0.341341       -0.016112     0.005667      -0.020258      -0.046291           0.850021            0.339320          -0.020143          -0.048637               0.866120                0.343719      -0.020165      -0.053551           0.850896            0.340251  -0.024548  -0.058092       0.874917        0.338128 -0.025018 -0.038220      1.000000       0.375911        0.000851 -0.028057 -0.050553      0.857547       0.337234        0.005687\n",
            "New12m%Change              -0.128428 -0.241831   0.349444    0.949733       -0.149638     0.012117      -0.086403      -0.230830           0.327026            0.935316          -0.086563          -0.240319               0.345370                0.942557      -0.090299      -0.254556           0.345150            0.935427  -0.098217  -0.240110       0.375930        0.949088 -0.149755 -0.233539      0.375911       1.000000        0.006046 -0.126732 -0.242014      0.342284       0.940588        0.012621\n",
            "NewSalesVolume             -0.014679  0.005663   0.009309    0.009624        0.022182     0.967868      -0.018466       0.007144           0.003000            0.007474          -0.020543           0.005717               0.007934                0.008207      -0.017223       0.004660           0.013154            0.011820   0.020362   0.001939       0.014130        0.014941 -0.007320  0.001193      0.000851       0.006046        1.000000 -0.014987  0.005510      0.010191       0.010613        0.959802\n",
            "OldPrice                    0.999642  0.592540  -0.051678   -0.130457        0.999690    -0.014225       0.929030       0.572219          -0.046896           -0.126473           0.914055           0.576581              -0.048918               -0.118011       0.888907       0.578852          -0.047864           -0.115204   0.959471   0.565506      -0.056019       -0.135392  0.888785  0.598888     -0.028057      -0.126732       -0.014987  1.000000  0.591150     -0.051159      -0.127468       -0.014112\n",
            "OldIndex                    0.597871  0.999885  -0.091713   -0.247988        0.684313     0.004754       0.432867       0.997295          -0.087107           -0.264732           0.421225           0.998654              -0.089531               -0.240082       0.416746       0.998818          -0.085933           -0.223353   0.486681   0.987941      -0.105261       -0.266921  0.690717  0.994521     -0.050553      -0.242014        0.005510  0.591150  1.000000     -0.091332      -0.243643        0.004342\n",
            "Old1m%Change               -0.052078 -0.091680   0.998228    0.370379       -0.079582     0.013351      -0.037446      -0.090775           0.970935            0.369563          -0.036712          -0.092673               0.991639                0.373926      -0.037045      -0.096073           0.990295            0.372140  -0.040235  -0.091909       0.962165        0.363423 -0.064069 -0.094444      0.857547       0.342284        0.010191 -0.051159 -0.091332      1.000000       0.370866        0.013755\n",
            "Old12m%Change              -0.129841 -0.244312   0.373162    0.999317       -0.163677     0.016614      -0.086979      -0.235946           0.352242            0.984258          -0.086816          -0.244398               0.371463                0.996565      -0.092328      -0.256715           0.372177            0.994146  -0.095525  -0.233870       0.391312        0.980885 -0.163726 -0.250803      0.337234       0.940588        0.010613 -0.127468 -0.243643      0.370866       1.000000        0.017387\n",
            "OldSalesVolume             -0.013973  0.004443   0.012977    0.016302        0.037365     0.999541      -0.017254       0.006245           0.011256            0.013646          -0.019793           0.004560               0.012128                0.014484      -0.016872       0.003429           0.014897            0.018671   0.020893   0.000432       0.014945        0.022565 -0.008152  0.000233      0.005687       0.012621        0.959802 -0.014112  0.004342      0.013755       0.017387        1.000000\n"
          ]
        }
      ],
      "source": [
        "import pandas as pd\n",
        "housingdata = pd.read_csv('UK-HPI-full-file-2025-02.csv',encoding='latin-1')\n",
        "columns_to_remove = ['Date','RegionName', 'AreaCode','IndexSA','CashPrice',\n",
        "       'CashIndex', 'Cash1m%Change', 'Cash12m%Change', 'CashSalesVolume',\n",
        "       'MortgagePrice', 'MortgageIndex', 'Mortgage1m%Change',\n",
        "       'Mortgage12m%Change', 'MortgageSalesVolume', 'FTBPrice', 'FTBIndex',\n",
        "       'FTB1m%Change', 'FTB12m%Change', 'FOOPrice', 'FOOIndex', 'FOO1m%Change',\n",
        "       'FOO12m%Change',]\n",
        "new_housingdata = housingdata.drop(columns_to_remove,axis=1)\n",
        "final_housing_data = new_housingdata.corr()\n",
        "print(final_housing_data.to_string())"
      ]
    },
    {
      "cell_type": "code",
      "source": [
        "import pandas as pd\n",
        "data1 = pd.DataFrame({'Name':['Lee Cox','Matt Bond','Lemon Jelly','Gill Gates'],'Course':\n",
        "              ['Computer Science','Accounting','Cyber Security','Computer Science'],\n",
        "                      'Grade':[65,80,75,100]})\n",
        "print(data1.to_string())"
      ],
      "metadata": {
        "colab": {
          "base_uri": "https://localhost:8080/"
        },
        "id": "_RzATtNoMt8D",
        "outputId": "63c4835a-d6a3-41f6-dd76-f3c173575997"
      },
      "execution_count": null,
      "outputs": [
        {
          "output_type": "stream",
          "name": "stdout",
          "text": [
            "          Name            Course  Grade\n",
            "0      Lee Cox  Computer Science     65\n",
            "1    Matt Bond        Accounting     80\n",
            "2  Lemon Jelly    Cyber Security     75\n",
            "3   Gill Gates  Computer Science    100\n"
          ]
        }
      ]
    },
    {
      "cell_type": "code",
      "source": [
        "import pandas as pd\n",
        "studentData = pd.read_json('student1.json')\n",
        "columnstoDelete = [\"'id_number'\",\"'emailaddress'\"]\n",
        "new_data = studentData.drop(columnstoDelete,axis=1)\n",
        "studentDF = new_data[(studentData[\"'coursecode'\"] == 'CSC') | (studentData[\"'coursecode'\"] == 'FST')|(studentData[\"'coursecode'\"] == 'MST') ].dropna()\n",
        "print(studentDF.to_string())"
      ],
      "metadata": {
        "colab": {
          "base_uri": "https://localhost:8080/"
        },
        "id": "-sqm1YGqjnQ5",
        "outputId": "279ac769-182f-4960-aaad-4250574eee0b"
      },
      "execution_count": 15,
      "outputs": [
        {
          "output_type": "stream",
          "name": "stdout",
          "text": [
            "   'firstname'  'lastname' 'coursecode'\n",
            "0      Natalee     Johnson          FST\n",
            "1       Louise      Parker          MST\n",
            "6         Matt        Bond          CSC\n",
            "13        Alex      Baxter          CSC\n",
            "14         Tim      Keynes          MST\n",
            "18      Ashley       Adams          MST\n",
            "19        Jane       Green          CSC\n",
            "20      Hannah       White          FST\n",
            "22       Jonah      Parker          FST\n",
            "24       Sarah        King          MST\n",
            "25       Aaron       Green          FST\n",
            "27    Danielle      Knight          FST\n",
            "28         Lee         Cox          CSC\n",
            "29        Geri       Jones          FST\n",
            "31        Alex  Willoughby          CSC\n",
            "34      Leanne      Davies          MST\n",
            "35      Ashley     Hampton          FST\n",
            "39      Sophie    Saunders          FST\n",
            "41       Raven   McMillian          CSC\n",
            "43         Amy     McGuire          CSC\n"
          ]
        }
      ]
    },
    {
      "cell_type": "code",
      "source": [
        "import pandas as pd\n",
        "studentData = pd.read_json('student1.json')\n",
        "courseData = pd.read_json('course1.json')\n",
        "studentsDF = studentData.merge(courseData)\n",
        "columnstoDelete1 = [\"'id_number'\", \"'emailaddress'\",\"'duration'\"]\n",
        "new_students = studentsDF.drop(columnstoDelete1,axis=1)\n",
        "business_students = new_students[(new_students[\"'coursecode'\"] == 'BNS') | (new_students[\"'coursecode'\"] == 'FIC')].dropna()\n",
        "print(business_students.to_string())\n"
      ],
      "metadata": {
        "colab": {
          "base_uri": "https://localhost:8080/"
        },
        "id": "knzkf46m_ypW",
        "outputId": "efe4af11-7698-42f8-886e-13ed2ec33fea"
      },
      "execution_count": 14,
      "outputs": [
        {
          "output_type": "stream",
          "name": "stdout",
          "text": [
            "   'firstname'  'lastname' 'coursecode' 'course_name'\n",
            "3      Rodrigo     Sanchaz          FIC    Accounting\n",
            "8      Antonio      Spears          FIC    Accounting\n",
            "9          Zoe    Saunders          BNS      Business\n",
            "11      Pamela   Churchill          BNS      Business\n",
            "15     Richard   Blackburn          BNS      Business\n",
            "23      Joshua      Bunton          FIC    Accounting\n",
            "33        Dawn  Willoughby          FIC    Accounting\n",
            "36       Paige        Ryan          FIC    Accounting\n",
            "42      Hilary      Barnes          BNS      Business\n",
            "45   Francesca      Taylor          FIC    Accounting\n",
            "46       Helen       Quinn          BNS      Business\n"
          ]
        }
      ]
    },
    {
      "cell_type": "code",
      "source": [
        "import pandas as pd\n",
        "mdf = pd.read_csv('HMCTS_MI_output_accessible (1).csv',encoding='latin-1')\n",
        "columnToRemove = ['Month']\n",
        "new_mdf = mdf.drop(columnToRemove,axis=1)\n",
        "final_management_data = new_mdf.corr()\n",
        "print(final_management_data.to_string())"
      ],
      "metadata": {
        "colab": {
          "base_uri": "https://localhost:8080/"
        },
        "id": "w3wL-1UlDZFD",
        "outputId": "e9cf00e1-4c0c-40e3-ca0c-286a144a53cf"
      },
      "execution_count": 24,
      "outputs": [
        {
          "output_type": "stream",
          "name": "stdout",
          "text": [
            "                                                                                                          Civil Claims received  Civil Defences (including part admissions)  Civil timeliness - Small Claims Time to First Full Hearing (Weeks)  Private Family Law Receipts  Private Family Law Disposals  Private Family Law Open Caseload  Private Family Law timeliness - average weeks from Receipt to Final Order for all Private Law case types  Public Family Law Receipts  Public Family Law Disposals  Public Family Law Open Caseload  Public Family Law timeliness - average weeks for Disposal for all Public Law case types  Employment Tribunal Receipts  Employment Tribunal Disposals  Employment Tribunal Open Caseload  Immigration and Asylum Receipts  Immigration and Asylum Disposals  Immigration and Asylum Open Caseload  Immigration and Asylum timeliness - average Time from Receipt to Disposal (Weeks)  Social Security and Child Support Receipts  Social Security and Child Support Disposals  Social Security and Child Support Open Caseload  Social Security and Child Support timeliness - average age of a Disposal (Weeks)  No Fault Divorce - total applications  No Fault Divorce - joint applications  No Fault Divorce - sole applications  Percentage of total applications made digitally  Conditional Orders Pronounced - total orders  Conditional Orders Pronounced - from joint submissions  Conditional Orders Pronounced - from sole submissions  Final Orders Pronounced - total orders  Final Orders Pronounced - from joint submissions  Final Orders Pronounced - from sole submissions  Legacy Divorce service-  Digital Applications - Decree Nisi pronounced  Legacy Divorce service - Paper applications - Decree Nisi pronounced  Probate - Total number of receipts (Digital and Paper)  Probate - Total number of grants issued (Digital and Paper)  Probate - Timeliness - Submission to Grant issue for all Probate applications (Digital and Paper)  Probate - Timeliness - Document upload to Grant issued for all Probate Applications (Digital and Paper)  Probate - Total number of receipts (Digital)  Probate - Total number of grants issued (Digital)  Probate - Submission to Grant Issued (weeks)(Digital)  Probate - Documents Upload to Grant Issued (weeks)(Digital)  Probate - Submission to Grant Issued (weeks)(Digital stopped)  Probate - Documents Upload to Grant Issued (weeks)(Digital stopped)  Probate - Submission to Grant Issued (weeks)(Digital not stopped)  Probate - Documents Upload to Grant Issued (weeks)(Digital not stopped)  Probate - Total number of receipts (Paper)  Probate - Total number of grants issued (Paper)  Probate - Submission to Grant Issued (weeks) (Paper)  Probate - Submission to Grant Issued (weeks) (Paper stopped)  Probate - Submission to Grant Issued (weeks) (Paper not stopped)  Probate - Total open caseload_5  Probate - Cases that are stopped or new cases where HMCTS is waiting for documentation  Probate - The remaining caseload which is workable  Probate - Total open caseload_6  Probate - Total open caseload which is up to but not including 6 months old  Probate - Total open caseload which is 6 months up to but not including 12 months old  Probate - Total open caseload which is 12 months up to but not including 24 months old  Probate - Total open caseload which is 24 months and older\n",
            "Civil Claims received                                                                                                  1.000000                                    0.702424                                                            0.362476                     0.616636                      0.567851                          0.029979                                                                                                 -0.229361                    0.330025                     0.105538                        -0.029216                                                                                 0.117351                      0.740618                       0.047104                           0.275852                         0.025881                          0.700352                              0.135706                                                                           0.248172                                    0.587953                                     0.671303                                        -0.054764                                                                          0.262066                               0.714197                               0.783003                              0.680030                                         0.228193                                     -0.154638                                               -0.401905                                              -0.089381                                0.356432                                          0.611504                                         0.262981                                                                0.054442                                                              0.044575                                                0.572810                                                     0.404395                                                                                          -0.055520                                                                                                -0.002523                                      0.587222                                           0.136250                                              -0.025906                                                     0.007335                                                      -0.217856                                                            -0.194847                                                          -0.130687                                                                -0.071499                                    0.114963                                         0.636089                                             -0.310981                                                     -0.331876                                                         -0.269960                        -0.241020                                                                                0.041527                                           -0.254172                        -0.241020                                                                    -0.239365                                                                              -0.221095                                                                               -0.138980                                                   -0.079082\n",
            "Civil Defences (including part admissions)                                                                             0.702424                                    1.000000                                                            0.294955                     0.515938                      0.431521                         -0.290646                                                                                                 -0.519686                    0.464835                     0.278089                        -0.319780                                                                                -0.125380                      0.544143                      -0.079879                           0.320324                        -0.295309                          0.493578                              0.103285                                                                           0.145295                                    0.596470                                     0.599215                                        -0.541610                                                                          0.096928                               0.397572                               0.427257                              0.381408                                         0.262611                                     -0.187237                                               -0.283551                                              -0.156710                                0.661905                                          0.709804                                         0.591835                                                               -0.265770                                                             -0.106787                                                0.337563                                                     0.489412                                                                                          -0.131871                                                                                                -0.125176                                      0.227046                                           0.118835                                              -0.141963                                                    -0.162912                                                      -0.076217                                                            -0.096336                                                          -0.351650                                                                -0.346874                                    0.397495                                         0.863517                                             -0.359273                                                     -0.262458                                                         -0.251997                        -0.305063                                                                                0.513295                                           -0.409897                        -0.305063                                                                    -0.312099                                                                              -0.229285                                                                                0.019734                                                   -0.008817\n",
            "Civil timeliness - Small Claims Time to First Full Hearing (Weeks)                                                     0.362476                                    0.294955                                                            1.000000                    -0.109714                      0.036734                          0.024896                                                                                                 -0.108496                   -0.195403                    -0.430558                         0.031298                                                                                -0.151491                     -0.010774                      -0.191955                           0.117981                        -0.290569                         -0.039475                              0.033453                                                                          -0.015481                                   -0.172952                                    -0.160842                                        -0.245025                                                                         -0.164788                               0.231796                               0.236298                              0.226615                                         0.292017                                      0.077572                                               -0.114864                                               0.120398                                0.275416                                          0.471939                                         0.203345                                                               -0.096020                                                              0.043761                                                0.019472                                                     0.065093                                                                                          -0.049153                                                                                                -0.000619                                      0.154974                                          -0.050384                                              -0.022211                                                     0.013035                                                      -0.066424                                                            -0.048698                                                          -0.073369                                                                -0.020891                                   -0.370339                                         0.249396                                             -0.182899                                                     -0.207222                                                         -0.087734                        -0.096981                                                                               -0.087125                                           -0.082398                        -0.096981                                                                    -0.125887                                                                               0.117509                                                                                0.330018                                                    0.293548\n",
